load 1 of 41
load 2 of 41
load 3 of 41
load 4 of 41
load 5 of 41
load 6 of 41
load 7 of 41
load 8 of 41
load 9 of 41
load 10 of 41
load 11 of 41
load 12 of 41
load 13 of 41
load 14 of 41
load 15 of 41
load 16 of 41
load 17 of 41
load 18 of 41
load 19 of 41
load 20 of 41
load 21 of 41
load 22 of 41
load 23 of 41
load 24 of 41
load 25 of 41
load 26 of 41
load 27 of 41
load 28 of 41
load 29 of 41
load 30 of 41
load 31 of 41
load 32 of 41
load 33 of 41
load 34 of 41
load 35 of 41
load 36 of 41
load 37 of 41
load 38 of 41
load 39 of 41
load 40 of 41
load 41 of 41
0  1 -> 0.03076868472447529673
0  2 -> 0.01071367559423820788
0  3 -> 0.00178466952013954928
0  4 -> 0.00532257685934719050
0  5 -> 0.00353909928680939739
0  6 -> 0.00175167451711318685
0  7 -> 0.00987207777260398246
0  8 -> 0.00134788601136296869
0  9 -> 0.00114252113723133228
0 10 -> 0.00061579643051958726
0 11 -> 0.00070651361496252424
0 12 -> 0.00097564468362295903
0 13 -> 0.63363949034618727296
0 14 -> 0.00146418071442240105
0 15 -> 0.00155536948623542890
0 16 -> 0.00160324915557941735
0 17 -> 0.00123937166317189648
0 18 -> 0.00080143862023055476
0 19 -> 0.00143494346407634435
0 20 -> 0.00155673839227780659
0 21 -> 0.00152915205295229661
0 22 -> 0.00148191690750128658
0 23 -> 0.00137995127912217343
0 24 -> 0.00152240046022139542
0 25 -> 0.00175950879576847121
0 26 -> 0.10971918909341965565
0 27 -> 0.10110519412556100149
0 28 -> 0.00127032831160355355
0 29 -> 0.00173859206781877659
0 30 -> 0.00278195237965575114
0 31 -> 0.01433045106927680230
0 32 -> 0.00195343389074722215
0 33 -> 0.01095686018288514509
0 34 -> 0.00220245628945481969
0 35 -> 0.00052515157209115978
0 36 -> 0.00205325225281160215
0 37 -> 0.00156900892952850537
0 38 -> 0.00116668719723102450
0 39 -> 0.00159907204444520771
0 40 -> 0.00118957659326282723
1  2 -> 0.01144056484773630852
1  3 -> 0.00086067464552854009
1  4 -> 0.00574228162169677404
1  5 -> 0.00378228874576328269
1  6 -> 0.00164053784389070261
1  7 -> 0.01012721318046751022
1  8 -> 0.00155680626920977295
1  9 -> 0.00102405100767221377
1 10 -> 0.00066229511565167262
1 11 -> 0.00091176712719946446
1 12 -> 0.00063002022472693261
1 13 -> 0.03084192203433396701
1 14 -> 0.00103499911613068232
1 15 -> 0.00118756809207334522
1 16 -> 0.00103941004996903862
1 17 -> 0.00116572645295155296
1 18 -> 0.00068100536455018533
1 19 -> 0.00155912984995532685
1 20 -> 0.00143797994449313717
1 21 -> 0.00112092489138330064
1 22 -> 0.00105902960385855145
1 23 -> 0.00151022904492001679
1 24 -> 0.00105939291788963337
1 25 -> 0.00152985836944922755
1 26 -> 0.03191446217211463959
1 27 -> 0.02636472777552928762
1 28 -> 0.00127892852639419638
1 29 -> 0.00199664739460202363
1 30 -> 0.00308563852083444234
1 31 -> 0.01057690180146927082
1 32 -> 0.00219357603587948084
1 33 -> 0.01161731007550091677
1 34 -> 0.00232843258979639669
1 35 -> 0.00055179325259708373
1 36 -> 0.00222009606789490234
1 37 -> 0.00196740609786977532
1 38 -> 0.00120834128032719563
1 39 -> 0.00111481789260806227
1 40 -> 0.00121097008102945183
2  3 -> 0.00096500182123322796
2  4 -> 0.00358310864703307837
2  5 -> 0.00328760309784656467
2  6 -> 0.00147561839452796687
2  7 -> 0.03726165969866576666
2  8 -> 0.00145159481347294076
2  9 -> 0.00099457617985201636
2 10 -> 0.00062674230815279528
2 11 -> 0.00093118034921715778
2 12 -> 0.00070392058876228342
2 13 -> 0.01232595936041793599
2 14 -> 0.00101387686118538183
2 15 -> 0.00130717313331868900
2 16 -> 0.00110297974478429156
2 17 -> 0.00140624466421277079
2 18 -> 0.00079728814652066425
2 19 -> 0.00082334604403909233
2 20 -> 0.00101443124697867568
2 21 -> 0.00096313860364750730
2 22 -> 0.00073258466572163417
2 23 -> 0.00108595112551139418
2 24 -> 0.00076908018960157630
2 25 -> 0.00141582828332835909
2 26 -> 0.01075567894676582661
2 27 -> 0.00886253752346691584
2 28 -> 0.00108667019757836261
2 29 -> 0.00203258036981451189
2 30 -> 0.00337895661780317387
2 31 -> 0.05930717108596542803
2 32 -> 0.00229732868457179114
2 33 -> 0.06419505286507451447
2 34 -> 0.00141316761939046763
2 35 -> 0.00107851317886829660
2 36 -> 0.00261912508347908034
2 37 -> 0.00206380244729780686
2 38 -> 0.00108984280011152298
2 39 -> 0.00090520510452964955
2 40 -> 0.00103272155848889912
3  4 -> 0.00125152710635618677
3  5 -> 0.00292790376129083152
3  6 -> 0.00141062685153344196
3  7 -> 0.00145109232839347015
3  8 -> 0.02024166990352767662
3  9 -> 0.00138945892811368930
3 10 -> 0.00073296203407102040
3 11 -> 0.00081529995860198437
3 12 -> 0.00099396783610841330
3 13 -> 0.00166926813169266698
3 14 -> 0.00538091998977284058
3 15 -> 0.02354739658926643942
3 16 -> 0.00556063401307281026
3 17 -> 0.00162305791051683317
3 18 -> 0.00049164736929417120
3 19 -> 0.01558987616278739372
3 20 -> 0.00150270366416422815
3 21 -> 0.00495302031645171101
3 22 -> 0.01724055084111735664
3 23 -> 0.01635842883840930850
3 24 -> 0.00462016877698766953
3 25 -> 0.00294207207089838179
3 26 -> 0.00118854499527065488
3 27 -> 0.00134933601016188308
3 28 -> 0.00331208820506199942
3 29 -> 0.00158791880777830931
3 30 -> 0.00206048210315239438
3 31 -> 0.00113243151373975141
3 32 -> 0.00170753177519300655
3 33 -> 0.00112514627543426810
3 34 -> 0.00130422275377964489
3 35 -> 0.00092742762379513825
3 36 -> 0.00118520267359191532
3 37 -> 0.00148829691204834230
3 38 -> 0.00418763309596302362
3 39 -> 0.02257710060218717091
3 40 -> 0.00400700785526454575
4  5 -> 0.00687710873269577021
4  6 -> 0.00270739534319658446
4  7 -> 0.00380298579428247577
4  8 -> 0.00189608405634456912
4  9 -> 0.00112049561660425138
4 10 -> 0.00078293034737698052
4 11 -> 0.00083550808790131144
4 12 -> 0.00069483659722738463
4 13 -> 0.00471427860201223143
4 14 -> 0.00104720815505872063
4 15 -> 0.00206600335770296562
4 16 -> 0.00099801981829917836
4 17 -> 0.00250990142949944353
4 18 -> 0.00040321840657785976
4 19 -> 0.00131390108188403831
4 20 -> 0.00196258591734711947
4 21 -> 0.00053981331612929070
4 22 -> 0.00105326439752858095
4 23 -> 0.00143282140588646412
4 24 -> 0.00069590875926045027
4 25 -> 0.00174903968041471803
4 26 -> 0.00368491538173564004
4 27 -> 0.00346258128144386100
4 28 -> 0.00208108493507755963
4 29 -> 0.00444457383323618605
4 30 -> 0.00675149871465535387
4 31 -> 0.00344456422697540484
4 32 -> 0.00445584766788438731
4 33 -> 0.00394101761131215866
4 34 -> 0.00164408224206353377
4 35 -> 0.00072759788086535924
4 36 -> 0.00603593376762890082
4 37 -> 0.00446237167542240173
4 38 -> 0.00130306213500398934
4 39 -> 0.00150399672308482927
4 40 -> 0.00133625659585565547
5  6 -> 0.00404669777764092142
5  7 -> 0.00320656915851396133
5  8 -> 0.00310762623307733309
5  9 -> 0.00244501597645611869
5 10 -> 0.00176450040661562551
5 11 -> 0.00140366609804926080
5 12 -> 0.00132647179598835191
5 13 -> 0.00350407889785339134
5 14 -> 0.00246715719710491463
5 15 -> 0.00270289010968849082
5 16 -> 0.00226745783756202458
5 17 -> 0.00309874449825715608
5 18 -> 0.00129076472678270977
5 19 -> 0.00250044815270394514
5 20 -> 0.00333390950269206281
5 21 -> 0.00235213351880350294
5 22 -> 0.00273659632046679892
5 23 -> 0.00259272327466408391
5 24 -> 0.00258455438800323260
5 25 -> 0.00341847850662111829
5 26 -> 0.00331110518445124069
5 27 -> 0.00314631254572069960
5 28 -> 0.00262545875952014535
5 29 -> 0.00604407313354532894
5 30 -> 0.00712323717174024110
5 31 -> 0.00314824402537175170
5 32 -> 0.00646838492910328886
5 33 -> 0.00348751202245782977
5 34 -> 0.00283183313836170118
5 35 -> 0.00132038876116980538
5 36 -> 0.00540784636691449272
5 37 -> 0.00523752464606948645
5 38 -> 0.00290206555506590698
5 39 -> 0.00269534171873185135
5 40 -> 0.00276844704799688235
6  7 -> 0.00150959411427854296
6  8 -> 0.00156806769198163478
6  9 -> 0.00125567900878433675
6 10 -> 0.00064763558130638338
6 11 -> 0.00066926428616949666
6 12 -> 0.00105263180838984687
6 13 -> 0.00159169241328438113
6 14 -> 0.00153820423690707647
6 15 -> 0.00112207251351795797
6 16 -> 0.00146088219655807552
6 17 -> 0.00173041234455940680
6 18 -> 0.00040594645537211048
6 19 -> 0.00143880675714512236
6 20 -> 0.00142337575078392477
6 21 -> 0.00178758956870551716
6 22 -> 0.00137386644621949414
6 23 -> 0.00133664302647497780
6 24 -> 0.00172613795762214823
6 25 -> 0.00183974066132565621
6 26 -> 0.00135190608146320375
6 27 -> 0.00156349670836985729
6 28 -> 0.00177534777445775924
6 29 -> 0.00234572345710138764
6 30 -> 0.00313019189394557473
6 31 -> 0.00132137950694447286
6 32 -> 0.00249497437795488317
6 33 -> 0.00158759913627981239
6 34 -> 0.00108361570064791296
6 35 -> 0.00072715583888135398
6 36 -> 0.00254229316572314196
6 37 -> 0.00241426597241183559
6 38 -> 0.00146896740176212992
6 39 -> 0.00143349533099603062
6 40 -> 0.00141604877642968687
7  8 -> 0.00133137855932129959
7  9 -> 0.00119071165535242457
7 10 -> 0.00075213881147403409
7 11 -> 0.00096905471262342556
7 12 -> 0.00085214072474890730
7 13 -> 0.01095524731910635721
7 14 -> 0.00173440302553199365
7 15 -> 0.00108156500600254963
7 16 -> 0.00159263463052109573
7 17 -> 0.00175921595175391457
7 18 -> 0.00060315091812224414
7 19 -> 0.00118816510800937004
7 20 -> 0.00160947522648317094
7 21 -> 0.00134996490309264683
7 22 -> 0.00123034676101731601
7 23 -> 0.00137664398455488151
7 24 -> 0.00159000040896649223
7 25 -> 0.00173347154477495008
7 26 -> 0.01012104652875213916
7 27 -> 0.00974030471754249415
7 28 -> 0.00136276007609328420
7 29 -> 0.00234620960533030512
7 30 -> 0.00335705426208328514
7 31 -> 0.04727619576061133089
7 32 -> 0.00259115697450272749
7 33 -> 0.04687667563575430296
7 34 -> 0.00230764359322789634
7 35 -> 0.00093852542481067031
7 36 -> 0.00235944047937603927
7 37 -> 0.00237457578806398329
7 38 -> 0.00130524305837494332
7 39 -> 0.00135168244176810462
7 40 -> 0.00134304119733688132
8  9 -> 0.00134708575702554298
8 10 -> 0.00114636073375304630
8 11 -> 0.00068541449228037041
8 12 -> 0.00082059318313644047
8 13 -> 0.00134428610512080278
8 14 -> 0.00378392961991557471
8 15 -> 0.03603336808588338686
8 16 -> 0.00407991473212038474
8 17 -> 0.00190141646925300794
8 18 -> 0.00087834853476965796
8 19 -> 0.01596032492519990076
8 20 -> 0.00111743534366565145
8 21 -> 0.00407458711555179834
8 22 -> 0.01602906240381025277
8 23 -> 0.03086162822509136081
8 24 -> 0.00393746635947470666
8 25 -> 0.00260781458248840643
8 26 -> 0.00104852587326191115
8 27 -> 0.00136674239328214340
8 28 -> 0.00481422409889910221
8 29 -> 0.00165015597202907457
8 30 -> 0.00234595428389496085
8 31 -> 0.00129603101507845628
8 32 -> 0.00193290132800718749
8 33 -> 0.00145828481761759560
8 34 -> 0.00078612101409008097
8 35 -> 0.00088459119709476282
8 36 -> 0.00173860239269721666
8 37 -> 0.00184120905326949375
8 38 -> 0.00364067035420591670
8 39 -> 0.02819980532804161263
8 40 -> 0.00347462323764601054
9 10 -> 0.00039995535638147486
9 11 -> 0.00086432510392060854
9 12 -> 0.00098050563343466974
9 13 -> 0.00098475092252827399
9 14 -> 0.00225720715400339403
9 15 -> 0.00092903279634878834
9 16 -> 0.00210437075828929978
9 17 -> 0.00215987631646280065
9 18 -> 0.00063690402458788163
9 19 -> 0.00101431898099533548
9 20 -> 0.00118329055802910235
9 21 -> 0.00211359211009647845
9 22 -> 0.00165259696018132409
9 23 -> 0.00185024239771256253
9 24 -> 0.00197870630418514213
9 25 -> 0.00157936474753570476
9 26 -> 0.00147024107813676372
9 27 -> 0.00122482726063746447
9 28 -> 0.00148083363701111484
9 29 -> 0.00137366970361320318
9 30 -> 0.00189720331454410135
9 31 -> 0.00124009541107287960
9 32 -> 0.00153963540036293305
9 33 -> 0.00090514577379375584
9 34 -> 0.00095607406566762781
9 35 -> 0.00070745402569139329
9 36 -> 0.00099529813077147366
9 37 -> 0.00149749708373423415
9 38 -> 0.00179557070506656939
9 39 -> 0.00168461743769845670
9 40 -> 0.00145372223529290729
10 11 -> 0.01370569950689450554
10 12 -> 0.01021240011616910380
10 13 -> 0.00038457011750460607
10 14 -> 0.00070536839010537688
10 15 -> 0.00074933718589322560
10 16 -> 0.00057321801818116134
10 17 -> 0.00079619834628515357
10 18 -> 0.01219509080623752684
10 19 -> 0.00073993860089856354
10 20 -> 0.00036075846324334622
10 21 -> 0.00068431907733299913
10 22 -> 0.00070957796430165976
10 23 -> 0.00092826579135449490
10 24 -> 0.00082480812173503612
10 25 -> 0.00069359576422145324
10 26 -> 0.00070494189388164909
10 27 -> 0.00070725195918927271
10 28 -> 0.00034311294682086603
10 29 -> 0.00104003685311567103
10 30 -> 0.00106358222927568262
10 31 -> 0.00046913962995712377
10 32 -> 0.00116224635064235459
10 33 -> 0.00060189457251737613
10 34 -> 0.00099988247883352373
10 35 -> 0.06537933810280427416
10 36 -> 0.00084159503433471378
10 37 -> 0.00083804471119369338
10 38 -> 0.00086598661502048225
10 39 -> 0.00076114340829871996
10 40 -> 0.00090781769315923433
11 12 -> 0.07901778853653576573
11 13 -> 0.00074750296581490075
11 14 -> 0.00141570583464223983
11 15 -> 0.00060954045492473492
11 16 -> 0.00104068147329717067
11 17 -> 0.00108871889273016672
11 18 -> 0.09631988485563881819
11 19 -> 0.00063296857185336840
11 20 -> 0.00069231131130335780
11 21 -> 0.00119338981685100870
11 22 -> 0.00086709239573770039
11 23 -> 0.00114807204136092508
11 24 -> 0.00128791910242486481
11 25 -> 0.00094608105164340839
11 26 -> 0.00086170565643045355
11 27 -> 0.00093199636624476893
11 28 -> 0.00099033669323173989
11 29 -> 0.00067898102609608845
11 30 -> 0.00129176300472185336
11 31 -> 0.00048881494536966771
11 32 -> 0.00082152798398073669
11 33 -> 0.00076407661320479665
11 34 -> 0.00034879781797212664
11 35 -> 0.01496295054893265718
11 36 -> 0.00096312890150502379
11 37 -> 0.00082720202614441137
11 38 -> 0.00097071697372472492
11 39 -> 0.00060783199459147849
11 40 -> 0.00124561691421895765
12 13 -> 0.00078007383429123858
12 14 -> 0.00180363215453825578
12 15 -> 0.00074172123029236957
12 16 -> 0.00170602078937795920
12 17 -> 0.00088338008733730299
12 18 -> 0.07471668005694137582
12 19 -> 0.00097502246020412457
12 20 -> 0.00055119295695222465
12 21 -> 0.00115826662702038551
12 22 -> 0.00119313703229470482
12 23 -> 0.00085429639880770273
12 24 -> 0.00127792250650127703
12 25 -> 0.00099338965144879434
12 26 -> 0.00065835151344775995
12 27 -> 0.00119896769227211485
12 28 -> 0.00082241155811312537
12 29 -> 0.00063883948241557590
12 30 -> 0.00083202901241116733
12 31 -> 0.00061118708661219963
12 32 -> 0.00070401952056962176
12 33 -> 0.00066095907624043923
12 34 -> 0.00083891772723302088
12 35 -> 0.01126908273702251391
12 36 -> 0.00082226137994890309
12 37 -> 0.00078930227249418236
12 38 -> 0.00116199861941679826
12 39 -> 0.00126178325793815330
12 40 -> 0.00099782595077243055
13 14 -> 0.00158631036155458516
13 15 -> 0.00150128475141302802
13 16 -> 0.00160892617248479695
13 17 -> 0.00134908137763257736
13 18 -> 0.00087116542686914845
13 19 -> 0.00148201409149560062
13 20 -> 0.00154488065755966535
13 21 -> 0.00148009368782119869
13 22 -> 0.00152081037140063598
13 23 -> 0.00130255126497898156
13 24 -> 0.00146057689940929823
13 25 -> 0.00159966124591781307
13 26 -> 0.11221425309268030779
13 27 -> 0.10248634356099241283
13 28 -> 0.00125915481993394665
13 29 -> 0.00160465190727804492
13 30 -> 0.00288445329021746024
13 31 -> 0.01510703367966562127
13 32 -> 0.00185142855268584090
13 33 -> 0.01184883552064096637
13 34 -> 0.00236070358704016173
13 35 -> 0.00088174398628802471
13 36 -> 0.00187248546894780584
13 37 -> 0.00159671609583549859
13 38 -> 0.00110647959353085234
13 39 -> 0.00122265225371302223
13 40 -> 0.00121457800137444267
14 15 -> 0.00352597636725860081
14 16 -> 0.63280836568095755190
14 17 -> 0.00396000285283930158
14 18 -> 0.00123650522508303396
14 19 -> 0.00490609619522804768
14 20 -> 0.00138848194835721177
14 21 -> 0.04688363467668153761
14 22 -> 0.00712720495300039371
14 23 -> 0.00427130008532545548
14 24 -> 0.05075413185231932717
14 25 -> 0.00392631623330654943
14 26 -> 0.00172285761812764515
14 27 -> 0.00202912712843302326
14 28 -> 0.03210692709698662051
14 29 -> 0.00173981827408832166
14 30 -> 0.00190850438732308126
14 31 -> 0.00119390366695683206
14 32 -> 0.00203126959320508189
14 33 -> 0.00117582162153434793
14 34 -> 0.00240498059806708644
14 35 -> 0.00150209141307573063
14 36 -> 0.00113904541299498325
14 37 -> 0.00174898104147584873
14 38 -> 0.06482325071179001474
14 39 -> 0.00588415380252828735
14 40 -> 0.06113002589425450828
15 16 -> 0.00374090908678685954
15 17 -> 0.00134812132031913285
15 18 -> 0.00100064903187472307
15 19 -> 0.01569306524391344410
15 20 -> 0.00134616770214788812
15 21 -> 0.00381811817495403662
15 22 -> 0.01766945506688881798
15 23 -> 0.03280642855914580464
15 24 -> 0.00401600693890173058
15 25 -> 0.00286350537646008329
15 26 -> 0.00127763638725369695
15 27 -> 0.00132077035505861985
15 28 -> 0.00348862200850591194
15 29 -> 0.00172043275450192734
15 30 -> 0.00197247299567718595
15 31 -> 0.00078555904698299022
15 32 -> 0.00163179557697442929
15 33 -> 0.00131288837714207073
15 34 -> 0.00095523313545885723
15 35 -> 0.00053675406664585406
15 36 -> 0.00155682819309537965
15 37 -> 0.00150063639227777934
15 38 -> 0.00363589518442281826
15 39 -> 0.03192963310779171199
15 40 -> 0.00359362896047766070
16 17 -> 0.00379317926012755907
16 18 -> 0.00110163572144631925
16 19 -> 0.00473983185392469128
16 20 -> 0.00146225715642420628
16 21 -> 0.04815993467361461000
16 22 -> 0.00729244916812938661
16 23 -> 0.00411125762446660787
16 24 -> 0.05330623295034817716
16 25 -> 0.00375167522062935929
16 26 -> 0.00194297977446028828
16 27 -> 0.00241044302028295410
16 28 -> 0.03312679852640459249
16 29 -> 0.00169235002514638044
16 30 -> 0.00206089602223051647
16 31 -> 0.00126703883075751666
16 32 -> 0.00187753813445212044
16 33 -> 0.00134622228750153452
16 34 -> 0.00229002768397675851
16 35 -> 0.00111194199422911806
16 36 -> 0.00120866571925535367
16 37 -> 0.00163604355747285868
16 38 -> 0.06809869540475257943
16 39 -> 0.00622050341338415119
16 40 -> 0.06387136646993148148
17 18 -> 0.00110956785078181121
17 19 -> 0.00178652653446994473
17 20 -> 0.00201691817711637487
17 21 -> 0.00329505700646185807
17 22 -> 0.00381166076408738551
17 23 -> 0.00182279453144596078
17 24 -> 0.00345649516453314749
17 25 -> 0.00224252084527039666
17 26 -> 0.00164484718907721423
17 27 -> 0.00183641857410086129
17 28 -> 0.00181894105609676777
17 29 -> 0.03139912006418821983
17 30 -> 0.01889988424977322862
17 31 -> 0.00151774074873624039
17 32 -> 0.03028341480993131454
17 33 -> 0.00140214941976022495
17 34 -> 0.00196932937467624849
17 35 -> 0.00083980057512665954
17 36 -> 0.03483469449549794761
17 37 -> 0.03253864499242822145
17 38 -> 0.00265049126806026067
17 39 -> 0.00363914957767600810
17 40 -> 0.00236468107777268802
18 19 -> 0.00098631537352466951
18 20 -> 0.00069144405044030736
18 21 -> 0.00103327812728716637
18 22 -> 0.00120177834607013601
18 23 -> 0.00109567599298445004
18 24 -> 0.00084425977835980227
18 25 -> 0.00100208834486044851
18 26 -> 0.00077016379090565524
18 27 -> 0.00086868498819889131
18 28 -> 0.00072403074427253983
18 29 -> 0.00104152480752479795
18 30 -> 0.00098888506310364135
18 31 -> 0.00060491292321963224
18 32 -> 0.00092553869873229680
18 33 -> 0.00071474257543947426
18 34 -> 0.00055316532892410138
18 35 -> 0.01513298645630360185
18 36 -> 0.00090841821632318162
18 37 -> 0.00102213121673579632
18 38 -> 0.00103340618179109233
18 39 -> 0.00077701346226452387
18 40 -> 0.00079674589858812043
19 20 -> 0.00137649776238294298
19 21 -> 0.00454425514375978671
19 22 -> 0.07793044406131169333
19 23 -> 0.01467099971428916481
19 24 -> 0.00464501252810486411
19 25 -> 0.00302298716228685755
19 26 -> 0.00148412722763058714
19 27 -> 0.00121749681123290983
19 28 -> 0.00330992081152001183
19 29 -> 0.00175859745009683132
19 30 -> 0.00184496446361996440
19 31 -> 0.00084755600373537362
19 32 -> 0.00182095101709317574
19 33 -> 0.00076389678079393148
19 34 -> 0.00147047538243577050
19 35 -> 0.00104540157896223043
19 36 -> 0.00160318051422854457
19 37 -> 0.00186787552930499888
19 38 -> 0.00375503497003368616
19 39 -> 0.01729707052944358392
19 40 -> 0.00336817029295838951
20 21 -> 0.00125632229645883365
20 22 -> 0.00111782634142522613
20 23 -> 0.00164480726591859018
20 24 -> 0.00144609195190150493
20 25 -> 0.00170900917647852108
20 26 -> 0.00116174698700769385
20 27 -> 0.00106900480376024838
20 28 -> 0.00100818555965154146
20 29 -> 0.00190873484616744279
20 30 -> 0.00237337093040511371
20 31 -> 0.00151213628852601176
20 32 -> 0.00178997139791926764
20 33 -> 0.00127887448499631605
20 34 -> 0.00118502925412826443
20 35 -> 0.00037217849089498349
20 36 -> 0.00179852751273684177
20 37 -> 0.00168862503741674269
20 38 -> 0.00127822060546663218
20 39 -> 0.00116578069445753742
20 40 -> 0.00138021546997613002
21 22 -> 0.00601309291358202800
21 23 -> 0.00444315336011060890
21 24 -> 0.54577282791192005540
21 25 -> 0.00361453399811431609
21 26 -> 0.00204023705809784281
21 27 -> 0.00201609652382551572
21 28 -> 0.02388174165953528202
21 29 -> 0.00164046788353999925
21 30 -> 0.00151633717774833816
21 31 -> 0.00218714114454038712
21 32 -> 0.00187416744968123836
21 33 -> 0.00139304201765922384
21 34 -> 0.00189918680429869684
21 35 -> 0.00099411471418700938
21 36 -> 0.00114357883784470499
21 37 -> 0.00197984876485242161
21 38 -> 0.03762486649819919010
21 39 -> 0.00490085848124627126
21 40 -> 0.03537655275043098679
22 23 -> 0.01476408816436379848
22 24 -> 0.00620672147374551602
22 25 -> 0.00351693761503345161
22 26 -> 0.00172849404112998387
22 27 -> 0.00147329375411459160
22 28 -> 0.00389562333218437806
22 29 -> 0.00150562641906580022
22 30 -> 0.00199063600493771089
22 31 -> 0.00119431136571632006
22 32 -> 0.00163816951440085208
22 33 -> 0.00113137457478835568
22 34 -> 0.00139945333931436951
22 35 -> 0.00112791800720163002
22 36 -> 0.00140907028896974517
22 37 -> 0.00151257840899326275
22 38 -> 0.00449486969476317350
22 39 -> 0.02285696982674073618
22 40 -> 0.00424418052662893421
23 24 -> 0.00475115922543319254
23 25 -> 0.00295461687620376251
23 26 -> 0.00119338140221798036
23 27 -> 0.00162796786328749479
23 28 -> 0.00396705272354830850
23 29 -> 0.00168126261577046304
23 30 -> 0.00189836161641030289
23 31 -> 0.00137268435125216222
23 32 -> 0.00180139605960337001
23 33 -> 0.00135290886325482992
23 34 -> 0.00100552158837819783
23 35 -> 0.00110828704216601385
23 36 -> 0.00133494591433049861
23 37 -> 0.00165319567915414968
23 38 -> 0.00337292638864034175
23 39 -> 0.02882209159781862207
23 40 -> 0.00326053322125085393
24 25 -> 0.00365440464592010775
24 26 -> 0.00184758057275951834
24 27 -> 0.00226513708578459988
24 28 -> 0.02423023418090346215
24 29 -> 0.00157603198965345910
24 30 -> 0.00163137445929861184
24 31 -> 0.00184539237013835828
24 32 -> 0.00180387123334433221
24 33 -> 0.00135514529767558002
24 34 -> 0.00192723698228776624
24 35 -> 0.00127180795010338335
24 36 -> 0.00107207194549329234
24 37 -> 0.00184472786092889978
24 38 -> 0.03852985415538880132
24 39 -> 0.00496142971247754121
24 40 -> 0.03622379431466524191
25 26 -> 0.00174376155820355166
25 27 -> 0.00182039313804464821
25 28 -> 0.00234311413786096384
25 29 -> 0.00186248393840548511
25 30 -> 0.00253911435374441427
25 31 -> 0.00166708254206489521
25 32 -> 0.00215106902977817453
25 33 -> 0.00150079783758227860
25 34 -> 0.00194984700490785016
25 35 -> 0.00059111155740999247
25 36 -> 0.00173257605090708995
25 37 -> 0.00180999056496185403
25 38 -> 0.00289651439635569847
25 39 -> 0.00389539534276793454
25 40 -> 0.00275834010691724781
26 27 -> 0.23389493676608177908
26 28 -> 0.00140946040741762608
26 29 -> 0.00170121471688535614
26 30 -> 0.00260623838622951959
26 31 -> 0.01421642341299525665
26 32 -> 0.00157790457049292111
26 33 -> 0.01088566644851419324
26 34 -> 0.00225646222104943948
26 35 -> 0.00112786526937560519
26 36 -> 0.00173302425494690289
26 37 -> 0.00145349627800491908
26 38 -> 0.00163729726902762528
26 39 -> 0.00149328491965267812
26 40 -> 0.00198347357047330827
27 28 -> 0.00120924863321949703
27 29 -> 0.00148142082911125275
27 30 -> 0.00229338160698127442
27 31 -> 0.01325612517078860082
27 32 -> 0.00146443263735308231
27 33 -> 0.00908938824825737852
27 34 -> 0.00230846294785080463
27 35 -> 0.00078417599846172272
27 36 -> 0.00156369975312151978
27 37 -> 0.00161978618281593406
27 38 -> 0.00180191007223487487
27 39 -> 0.00156804689933387345
27 40 -> 0.00171436092539144864
28 29 -> 0.00200998489011902344
28 30 -> 0.00211145170836314318
28 31 -> 0.00125839436511733320
28 32 -> 0.00186534048792400442
28 33 -> 0.00130670438268405036
28 34 -> 0.00107798942692579735
28 35 -> 0.00040293461895785440
28 36 -> 0.00167442650567221777
28 37 -> 0.00155619304228475207
28 38 -> 0.03016524875805351100
28 39 -> 0.00381271366966853820
28 40 -> 0.02925238823596620560
29 30 -> 0.02784027470883369826
29 31 -> 0.00146544827497764097
29 32 -> 0.69553641861762915966
29 33 -> 0.00169323389173216721
29 34 -> 0.00138329529661728465
29 35 -> 0.00066058959797728677
29 36 -> 0.07873253442688014914
29 37 -> 0.66853320306002173012
29 38 -> 0.00216557422408624432
29 39 -> 0.00111420701756409805
29 40 -> 0.00205362905593705356
30 31 -> 0.00263502875052321495
30 32 -> 0.02751316551707909744
30 33 -> 0.00333743065816492117
30 34 -> 0.00198865332697421978
30 35 -> 0.00132846621380399961
30 36 -> 0.03235809162960210511
30 37 -> 0.02899990184720205658
30 38 -> 0.00234571482183858378
30 39 -> 0.00183061528706534335
30 40 -> 0.00231057085532444893
31 32 -> 0.00149543671518573306
31 33 -> 0.17141191101436079047
31 34 -> 0.00218929887574152455
31 35 -> 0.00058976156150935557
31 36 -> 0.00162572451788706379
31 37 -> 0.00137944965732810496
31 38 -> 0.00155691755214595884
31 39 -> 0.00155519343567637764
31 40 -> 0.00135995255990574893
32 33 -> 0.00200310134648600978
32 34 -> 0.00140163276141610843
32 35 -> 0.00057378850653803709
32 36 -> 0.07585371218069891786
32 37 -> 0.69192186436665992222
32 38 -> 0.00239010644836069180
32 39 -> 0.00148304930846699344
32 40 -> 0.00228885424161988415
33 34 -> 0.00170443244239879455
33 35 -> 0.00119089957201051386
33 36 -> 0.00200480240171167952
33 37 -> 0.00181920714315576652
33 38 -> 0.00141588949434214278
33 39 -> 0.00135797208263522921
33 40 -> 0.00161118028647255361
34 35 -> 0.00063050819001343728
34 36 -> 0.00122728674461085275
34 37 -> 0.00142027292202819987
34 38 -> 0.00178425138614410035
34 39 -> 0.00144518276278284008
34 40 -> 0.00166384750759249926
35 36 -> 0.00110414951645449832
35 37 -> 0.00069273907409742996
35 38 -> 0.00118747305151702489
35 39 -> 0.00090164091685505476
35 40 -> 0.00076314838824403702
36 37 -> 0.08180367206718927586
36 38 -> 0.00149782672279199819
36 39 -> 0.00116069598715166770
36 40 -> 0.00129580660650744934
37 38 -> 0.00218796889281629896
37 39 -> 0.00140222731551328372
37 40 -> 0.00220007117243718351
38 39 -> 0.00428090475157192653
38 40 -> 0.47606618134303674283
39 40 -> 0.00360337529090176516
